0.530 0.019 0.149 0.893 0.430 0.133 -0.018
0.529 -0.048 0.149 0.984 -0.116 0.115 -0.069
0.537 0.085 0.207 0.961 0.085 0.154 0.214
0.510 0.149 0.167 0.915 0.030 0.180 0.359
0.425 -0.169 0.153 -0.522 0.765 0.268 0.264
0.286 -0.039 0.424 -0.632 0.730 -0.154 0.210
0.535 -0.089 0.468 0.441 0.863 0.183 -0.164
-0.007 0.030 0.492 -0.551 0.781 -0.225 0.187
0.009 -0.004 0.551 -0.561 0.726 -0.265 0.297
0.369 0.117 0.363 0.373 0.848 0.101 0.361
0.533 0.141 0.408 0.316 0.932 -0.016 0.176
0.390 -0.200 0.581 -0.222 0.861 0.423 0.175
0.365 0.336 0.357 0.052 0.941 -0.112 0.314
0.438 0.120 0.140 0.811 -0.011 0.436 0.390


-0.042 0.006 0.242 0.624 0.765 0.161 0
-0.049 0.009 0.249 0.934 0.306 0.180 0.036
-0.077 -0.020 0.305 0.836 0.490 0.090 -0.229
-0.078 0.006 0.311 0.821 0.428 0.052 -0.375
-0.014 0.026 0.346 0.800 -0.492 -0.090 0.332
-0.080 0.084 0.582 0.868 -0.404 0.266 0.110
-0.081 -0.059 0.564 0.028 0.966 0.232 0.113
-0.044 -0.100 0.804 0.814 -0.481 0.321 0.056
-0.144 0.106 0.836 0.795 -0.431 0.402 0.143
0.126 0.006 0.488 -0.011 0.943 -0.063 -0.325
0.138 0.029 0.518 -0.098 0.985 -0.093 -0.108
0.292 -0.027 0.654 -0.576 0.705 0.280 -0.306
0.202 -0.005 0.571 -0.334 0.887 -0.247 -0.201
-0.063 -0.020 0.271 -0.733 -0.355 -0.267 0.515
